0.002351974289114469 -0.0021596459369325827 -0.004411628197546431 -0.0002741572149331848 -0.00809145280567742 0.02338015378189391 -0.05641253150087723 nan -inf nan
-0.0021596459369325827 0.03310236149337721 0.012640900266663996 -0.027021759058054606 0.030970746766024126 -0.1384325965845769 0.6010014259365288 nan inf nan
-0.004411628197546431 0.012640900266663996 0.037367273117930526 -0.027588068855107173 0.01599416858693583 -0.06984412273380779 0.2954516752896838 nan nan nan
-0.0002741572149331848 -0.027021759058054606 -0.027588068855107173 0.05595139213989127 0.00860627620272552 0.0929021821817335 -0.4972346414969365 nan -inf nan
-0.00809145280567742 0.030970746766024126 0.01599416858693583 0.00860627620272552 0.13696079048247883 -0.17169320125096932 0.6163632994902345 nan inf nan
0.02338015378189391 -0.1384325965845769 -0.06984412273380779 0.0929021821817335 -0.17169320125096932 0.8010555423650081 -2.7418959330143537 nan -inf nan
-0.05641253150087723 0.6010014259365288 0.2954516752896838 -0.4972346414969365 0.6163632994902345 -2.7418959330143537 15.054444444444444 nan inf nan
nan nan nan nan nan nan nan nan nan nan
-inf inf nan -inf inf -inf inf nan inf nan
nan nan nan nan nan nan nan nan nan nan
