nan nan nan nan nan nan nan nan nan nan
nan 0.17205588170149036 0.0032992490517768265 -0.006368510023036032 -0.025945882805562853 -0.03163736124055112 -0.004263426866713755 -0.2427059847791555 -0.009344884954641058 0.7341115267944536
nan 0.0032992490517768265 0.031087779568755827 -0.0033482362555629433 -0.002940013026523612 -0.0429880716837329 -0.0055028201882978255 -0.04875741099829674 0.029376117159996155 0.07259248655201604
nan -0.006368510023036032 -0.0033482362555629433 0.0063734542412895384 -0.003950158776904376 0.0043142011913216705 0.0013009992918936405 -0.03584284571211436 0.05055457083256743 -0.007999577362541269
nan -0.025945882805562853 -0.002940013026523612 -0.003950158776904376 0.020789796367552037 -0.0071695554702000865 -0.023413859601862572 0.06103486751198857 -0.0025528760722868804 -0.007266670311428955
nan -0.03163736124055112 -0.0429880716837329 0.0043142011913216705 -0.0071695554702000865 0.10741591930929006 0.031409780153986 0.061132282300918356 -0.0874406391217823 -0.3436096120959069
nan -0.004263426866713755 -0.0055028201882978255 0.0013009992918936405 -0.023413859601862572 0.031409780153986 0.07548506761133292 0.11825446575354993 -0.13964073335407023 -0.4110170577006861
nan -0.2427059847791555 -0.04875741099829674 -0.03584284571211436 0.06103486751198857 0.061132282300918356 0.11825446575354993 1.2481470980349185 -0.7163888888888889 -1.9241452991452992
nan -0.009344884954641058 0.029376117159996155 0.05055457083256743 -0.0025528760722868804 -0.0874406391217823 -0.13964073335407023 -0.7163888888888889 0.9411111111111112 1.05
nan 0.7341115267944536 0.07259248655201604 -0.007999577362541269 -0.007266670311428955 -0.3436096120959069 -0.4110170577006861 -1.9241452991452992 1.05 5.472222222222222
