0.18964573903312096 -0.028892694336466254 0.01844145002950902 -0.038691820298994976 -0.09012579103406283 -0.010225595510267575 -0.060124590925794516 -0.1581449782861438 nan -0.27522501082280204
-0.028892694336466254 0.03122586718581467 -0.0021008486513253454 0.00981573747345842 -0.04765176576010365 -0.00832678520165585 -0.0353448262427072 0.06104800964756662 nan -0.11657217011561137
0.01844145002950902 -0.0021008486513253454 0.0593301733499671 -0.01679718730527687 0.006327114063610433 -0.11845662396188912 -0.05349978657844418 -0.198952744969854 nan -0.3762556131345228
-0.038691820298994976 0.00981573747345842 -0.01679718730527687 0.048451773436604784 -0.03586105073595783 -0.0038468069326618587 -0.01739317263518466 0.10106696900620771 nan 0.0753108442374077
-0.09012579103406283 -0.04765176576010365 0.006327114063610433 -0.03586105073595783 0.25617220033586224 0.005694018193664519 0.16633728019075447 -0.12601092642500508 nan 0.39066747032585536
-0.010225595510267575 -0.00832678520165585 -0.11845662396188912 -0.0038468069326618587 0.005694018193664519 0.31252615085017627 0.10672906639538908 0.4568918644899037 nan 0.7887007328183799
-0.060124590925794516 -0.0353448262427072 -0.05349978657844418 -0.01739317263518466 0.16633728019075447 0.10672906639538908 0.27141185425081815 -0.035869661527556274 nan 0.6869688790741422
-0.1581449782861438 0.06104800964756662 -0.198952744969854 0.10106696900620771 -0.12601092642500508 0.4568918644899037 -0.035869661527556274 1.1074263038548753 nan 1.0031746031746032
nan nan nan nan nan nan nan nan nan nan
-0.27522501082280204 -0.11657217011561137 -0.3762556131345228 0.0753108442374077 0.39066747032585536 0.7887007328183799 0.6869688790741422 1.0031746031746032 nan 3.8344444444444443
