0.004440360545089495 -0.003140131969853332 0.0018005698005698007 -0.00017859032142025864 0.001729719082660259 0.0012002995642701525 -0.00450593209107141 -0.0008333333333333334 0.0005625879043600563 -0.0007936507936507937
-0.003140131969853332 0.002949154872043996 -0.002065992878049639 0.0011969123409260557 -0.0014432427475905736 -0.0018288204552097983 0.0028873620386369652 0.0005275320492711797 -0.00015418837492366574 0.00046992481203007516
0.0018005698005698007 -0.002065992878049639 0.0023418021621524872 -0.0012399216065700422 0.00039905861649133854 0.0017684391604485955 0.0003862607006221675 -0.0018033268188066948 -2.324081086387713e-06 -0.00022893772893772894
-0.00017859032142025864 0.0011969123409260557 -0.0012399216065700422 0.0017443044560309338 -0.00031525433641822504 -0.0013062640469666217 -0.0007414312876726002 0.00016414286995400796 0.0002891996483867405 -0.00020064205457463884
0.001729719082660259 -0.0014432427475905736 0.00039905861649133854 -0.00031525433641822504 0.001510941705293752 0.0006238578736847435 -0.003905722135387207 0.0008784983291562239 -1.5817248773055434e-07 -0.00022893772893772894
0.0012002995642701525 -0.0018288204552097983 0.0017684391604485955 -0.0013062640469666217 0.0006238578736847435 0.0030366293888007827 -0.0004839960017693596 -0.0009663810610537183 -0.0008931735905420116 0.0
-0.00450593209107141 0.0028873620386369652 0.0003862607006221675 -0.0007414312876726002 -0.003905722135387207 -0.0004839960017693596 0.012716253731895645 -0.004110187781365906 -0.0006903968733033594 0.0008503401360544217
-0.0008333333333333334 0.0005275320492711797 -0.0018033268188066948 0.00016414286995400796 0.0008784983291562239 -0.0009663810610537183 -0.004110187781365906 0.0042481235649668445 0.0003583605661293105 0.0
0.0005625879043600563 -0.00015418837492366574 -2.324081086387713e-06 0.0002891996483867405 -1.5817248773055434e-07 -0.0008931735905420116 -0.0006903968733033594 0.0003583605661293105 0.0008291754481501537 -0.0002260397830018083
-0.0007936507936507937 0.00046992481203007516 -0.00022893772893772894 -0.00020064205457463884 -0.00022893772893772894 0.0 0.0008503401360544217 0.0 -0.0002260397830018083 0.00031887755102040814
