8.0 nan 5.166666666666666 nan 3.8305555555555557 1.3318181818181818 -0.13983989866342816 0.9319265367316342 0.10668273765852636 -0.34296119432529254
nan nan nan nan nan nan nan nan nan nan
5.166666666666666 nan 4.694444444444445 nan 2.6328703703703704 1.279004329004329 0.1424621130503483 0.2614719912770887 0.07831394333228522 -0.22412072307948855
nan nan nan nan nan nan nan nan nan nan
3.8305555555555557 nan 2.6328703703703704 nan 2.591766975308642 0.8781204906204907 0.30685553009082417 0.24921563460693896 0.0626384667342114 -0.17186327038597396
1.3318181818181818 nan 1.279004329004329 nan 0.8781204906204907 1.1598435655253838 -0.6000187720775956 0.11844418109717277 0.1634631365385479 -0.07021895546337067
-0.13983989866342816 nan 0.1424621130503483 nan 0.30685553009082417 -0.6000187720775956 1.1668684504538038 -0.28805454935368585 -0.24694341649220594 0.015729386764348232
0.9319265367316342 nan 0.2614719912770887 nan 0.24921563460693896 0.11844418109717277 -0.28805454935368585 0.3090969784089683 -0.04379576178885622 -0.0365255877194072
0.10668273765852636 nan 0.07831394333228522 nan 0.0626384667342114 0.1634631365385479 -0.24694341649220594 -0.04379576178885622 0.27116746731357527 -0.013087004154097753
-0.34296119432529254 nan -0.22412072307948855 nan -0.17186327038597396 -0.07021895546337067 0.015729386764348232 -0.0365255877194072 -0.013087004154097753 0.0152784468340314
