0.3958333333333333 -0.011408730158730158 -0.006060606060606061 -0.029582667874318465 -0.011904761904761904 0.01898275335775336 0.010971345727443288 -0.0072684246112238 -0.008534322820037106 0.10292022792022792
-0.011408730158730158 0.009694131353288268 0.0 -0.008455496037400997 -0.001677238656405323 0.003983360307387621 0.0023272605979372894 -0.004686311880390875 0.0007559724565992178 0.009938483721020906
-0.006060606060606061 0.0 0.0005993234734286749 2.295975504071655e-05 -0.00022768670309653916 0.0015303998910556288 -0.0008780903223126334 -0.0004751722499406035 0.0005122950819672131 -0.00404040404040404
-0.029582667874318465 -0.008455496037400997 2.295975504071655e-05 0.020787403275157226 0.0007298822855888072 -0.009477650072067481 -0.002236767404160785 0.007756846526627751 -0.002117564518368801 -0.03729721998067541
-0.011904761904761904 -0.001677238656405323 -0.00022768670309653916 0.0007298822855888072 0.0023866850841959067 -0.003353696124780462 -0.0003000967286681572 0.002260607861453272 -6.151381830729651e-05 -0.00051171654432524
0.01898275335775336 0.003983360307387621 0.0015303998910556288 -0.009477650072067481 -0.003353696124780462 0.015474835437295588 -0.002908352769577352 -0.006389980539078493 4.98240187587636e-05 0.008667768393784261
0.010971345727443288 0.0023272605979372894 -0.0008780903223126334 -0.002236767404160785 -0.0003000967286681572 -0.002908352769577352 0.004025987372254694 -0.0019338800038261235 -0.0014602781401200373 0.011652693423520688
-0.0072684246112238 -0.004686311880390875 -0.0004751722499406035 0.007756846526627751 0.002260607861453272 -0.006389980539078493 -0.0019338800038261235 0.008050620522674547 -0.0001437527847987848 -0.021109084738567735
-0.008534322820037106 0.0007559724565992178 0.0005122950819672131 -0.002117564518368801 -6.151381830729651e-05 4.98240187587636e-05 -0.0014602781401200373 -0.0001437527847987848 0.004718738400781571 -0.0010670753092438213
0.10292022792022792 0.009938483721020906 -0.00404040404040404 -0.03729721998067541 -0.00051171654432524 0.008667768393784261 0.011652693423520688 -0.021109084738567735 -0.0010670753092438213 0.13762268947998663
