nan nan nan nan nan nan nan nan nan nan nan nan
nan nan nan nan nan nan nan nan nan nan nan nan
nan nan 0.4775 0.02369554204660587 0.05690627261140426 0.017913310598320083 -0.006638462764718145 -0.08750759795047343 0.04093881894783274 0.005771299284151175 -0.012573352573352573 -0.15710317460317458
nan nan 0.02369554204660587 0.09113722444084313 0.04358787290295496 0.05416044793972999 -0.0007318189797264263 -0.04117255632796955 0.0326191210250984 -0.09337681006704718 -0.022644480821093865 -0.23475346166835528
nan nan 0.05690627261140426 0.04358787290295496 0.07513844643555649 -0.0027571139002813766 0.0007792773453524499 -0.039565624717713195 0.028603065807628742 -0.07202339756569773 -0.00678814105881598 -0.1490350131668999
nan nan 0.017913310598320083 0.05416044793972999 -0.0027571139002813766 0.07845985087571375 -0.011775358547186414 0.004035445785770347 0.010343769902955982 -0.029785511127203505 -0.03967777261699226 -0.15726571018169527
nan nan -0.006638462764718145 -0.0007318189797264263 0.0007792773453524499 -0.011775358547186414 0.02811323226521493 -0.027213099477429014 -0.0098271703832466 -0.005931528918268564 0.0030123636182837147 0.048693774718735386
nan nan -0.08750759795047343 -0.04117255632796955 -0.039565624717713195 0.004035445785770347 -0.027213099477429014 0.08953742993779393 -0.03140322752934685 0.05990827349292287 -0.01478194900651576 0.06658812141356783
nan nan 0.04093881894783274 0.0326191210250984 0.028603065807628742 0.010343769902955982 -0.0098271703832466 -0.03140322752934685 0.04295688639251781 -0.06263758676944206 0.012165967539319688 -0.14311264986709785
nan nan 0.005771299284151175 -0.09337681006704718 -0.07202339756569773 -0.029785511127203505 -0.005931528918268564 0.05990827349292287 -0.06263758676944206 0.16590555121882503 -0.007171226309843204 0.3014541286267112
nan nan -0.012573352573352573 -0.022644480821093865 -0.00678814105881598 -0.03967777261699226 0.0030123636182837147 -0.01478194900651576 0.012165967539319688 -0.007171226309843204 0.04153257567551474 0.06601070226070227
nan nan -0.15710317460317458 -0.23475346166835528 -0.1490350131668999 -0.15726571018169527 0.048693774718735386 0.06658812141356783 -0.14311264986709785 0.3014541286267112 0.06601070226070227 0.893200428319476
