nan nan nan nan nan nan nan nan nan nan
nan 0.14225578055545612 0.0673037419635231 -0.0003426057776178197 0.0323682665775309 -0.042562386856783894 -0.030572511119281942 0.01743707025965013 -0.14811241552845292 -0.0649349651912211
nan 0.0673037419635231 0.05855607565387951 0.004193666377961692 0.0224681225822583 -0.03183070505281967 -0.06177926845001472 0.0340255764807426 -0.15275341116184138 -0.022005648580015646
nan -0.0003426057776178197 0.004193666377961692 0.006637967710935704 0.005949481149934143 -0.012363818787214254 -0.005166152385453368 0.0024649845582521506 -0.0004904979400501479 -0.006932380945788723
nan 0.0323682665775309 0.0224681225822583 0.005949481149934143 0.018059668267356787 -0.02549761001136333 -0.010876048743881525 0.005465071506667909 -0.03404012296895443 -0.026956367737061063
nan -0.042562386856783894 -0.03183070505281967 -0.012363818787214254 -0.02549761001136333 0.054127525372327005 0.010345619924502055 -0.01531013276571572 0.06560025983923051 0.023645338497744937
nan -0.030572511119281942 -0.06177926845001472 -0.005166152385453368 -0.010876048743881525 0.010345619924502055 0.17173835786162844 -0.07200789977262326 0.14670812509365833 -0.0012167852892005955
nan 0.01743707025965013 0.0340255764807426 0.0024649845582521506 0.005465071506667909 -0.01531013276571572 -0.07200789977262326 0.04325109996099968 -0.11116651857298976 0.007074410456967667
nan -0.14811241552845292 -0.15275341116184138 -0.0004904979400501479 -0.03404012296895443 0.06560025983923051 0.14670812509365833 -0.11116651857298976 0.5305027553331544 -0.003752900566372168
nan -0.0649349651912211 -0.022005648580015646 -0.006932380945788723 -0.026956367737061063 0.023645338497744937 -0.0012167852892005955 0.007074410456967667 -0.003752900566372168 0.07806448365608079
