0.123284847455753 -0.007899430188939181 -0.057515931721908 -0.02706610581366517 0.013947103472999933 -0.010781132199150481 -0.02924702488577621 0.03169646955843655 -0.10678792795145642 0.032017175068428605
-0.007899430188939181 0.3895842384922257 -0.3755926853765041 -0.10651144671770255 -0.0405786672636059 0.19438436357582026 -0.3442209178408435 0.09492518188857683 -0.14015669954950388 0.041151580928684206
-0.057515931721908 -0.3755926853765041 0.6201625742899376 0.018418096775672153 -0.05595765731114702 -0.12843723967352497 0.4657014626129284 -0.13076308054949828 0.16286486781096624 -0.10548408830125576
-0.02706610581366517 -0.10651144671770255 0.018418096775672153 0.2254442708416229 -0.008045431258219073 -0.10119265474778805 -0.03407442717623267 -0.03875757084684311 0.15567899999807727 -0.04000575586083993
0.013947103472999933 -0.0405786672636059 -0.05595765731114702 -0.008045431258219073 0.12947373024604675 -0.03981354949259021 0.03650174662838032 0.01488393619121002 -0.07966920252209392 0.03596598979012639
-0.010781132199150481 0.19438436357582026 -0.12843723967352497 -0.10119265474778805 -0.03981354949259021 0.20433857556483465 -0.2517775437640262 0.06278339772776342 -0.08026584353429261 0.006515206402565827
-0.02924702488577621 -0.3442209178408435 0.4657014626129284 -0.03407442717623267 0.03650174662838032 -0.2517775437640262 0.6404839181529492 -0.1353463597455802 0.08984688551793958 -0.0576423426231239
0.03169646955843655 0.09492518188857683 -0.13076308054949828 -0.03875757084684311 0.01488393619121002 0.06278339772776342 -0.1353463597455802 0.0601045009466981 -0.10033099874211059 0.033679191973106815
-0.10678792795145642 -0.14015669954950388 0.16286486781096624 0.15567899999807727 -0.07966920252209392 -0.08026584353429261 0.08984688551793958 -0.10033099874211059 0.28813272820205954 -0.06761425058820086
0.032017175068428605 0.041151580928684206 -0.10548408830125576 -0.04000575586083993 0.03596598979012639 0.006515206402565827 -0.0576423426231239 0.033679191973106815 -0.06761425058820086 0.04985525599426126
