0.03903095040312708 -0.0032501279652741586 -0.06367001521135919 0.023926876611450442 -0.008033084820092044 0.002301945283825482 0.0021836033149380753 -0.06968200897169508 0.010426153985470721 -0.012704549046810438
-0.0032501279652741586 0.0424520178202978 -0.02970453152179882 0.0001539888759102986 0.01598209894921607 -0.010593894744774682 -0.01314800557350843 -0.03761926693501502 -0.015049340141175921 0.01203345067864264
-0.06367001521135919 -0.02970453152179882 0.3538422692684503 -0.07802049151099116 0.020543672722095417 -0.0013897903736514415 -0.04365052149100012 0.21276495501540874 -0.09401164017036229 0.029928508780893648
0.023926876611450442 0.0001539888759102986 -0.07802049151099116 0.04372150396173533 -0.009220554561675207 0.0032490801686189718 -0.0019543710639483352 -0.05578746951910631 -0.005473592044626708 -0.0013378988281722523
-0.008033084820092044 0.01598209894921607 0.020543672722095417 -0.009220554561675207 0.01356853042304627 -0.011129047400895035 -0.009787118985309356 0.027126897012950665 -0.017206252778176702 0.005408144705612101
0.002301945283825482 -0.010593894744774682 -0.0013897903736514415 0.0032490801686189718 -0.011129047400895035 0.015459035507106223 0.009692506943941553 -0.036080668037831096 0.005985621774643061 -0.0008011085236063363
0.0021836033149380753 -0.01314800557350843 -0.04365052149100012 -0.0019543710639483352 -0.009787118985309356 0.009692506943941553 0.0354391524503185 -0.03345245818271997 0.0400327725221738 -0.018337846510052613
-0.06968200897169508 -0.03761926693501502 0.21276495501540874 -0.05578746951910631 0.027126897012950665 -0.036080668037831096 -0.03345245818271997 0.36211620467249417 -0.03605569267333973 0.0009586548266080209
0.010426153985470721 -0.015049340141175921 -0.09401164017036229 -0.005473592044626708 -0.017206252778176702 0.005985621774643061 0.0400327725221738 -0.03605569267333973 0.09676524132686228 -0.03828681191916557
-0.012704549046810438 0.01203345067864264 0.029928508780893648 -0.0013378988281722523 0.005408144705612101 -0.0008011085236063363 -0.018337846510052613 0.0009586548266080209 -0.03828681191916557 0.030325622369718315
