1.043588043708814 0.0028947173293917446 -0.16854075466402707 -0.10105058108877588 -0.20838536554337536 -0.15493818023108838 -0.19410330898356937 0.07186005715417478 -0.5569964349376114 1.5970811051693405
0.0028947173293917446 0.04105457481018762 -0.017992706703147093 0.0014186943156806377 -0.00663079970570681 0.02704651750220071 -0.05217032379889755 0.029834406569195268 0.1863067957431772 -0.03226787883181756
-0.16854075466402707 -0.017992706703147093 0.043787777859664784 0.011099293626314781 0.048165992827709954 0.004233297875106864 0.047705845479469586 -0.005316153331611423 -0.11902538347702038 -0.2432348345990964
-0.10105058108877588 0.0014186943156806377 0.011099293626314781 0.02201005227473162 0.011802945262833781 -0.00038173615769426274 -0.008822134480344754 -0.0204279649240714 0.034260947996101854 -0.14951869351314484
-0.20838536554337536 -0.00663079970570681 0.048165992827709954 0.011802945262833781 0.08751051656346183 0.007293016633626727 0.03873747631905122 -0.011242020756985653 -0.11241691615561672 -0.43264021361594934
-0.15493818023108838 0.02704651750220071 0.004233297875106864 -0.00038173615769426274 0.007293016633626727 0.15201590855708746 0.06488005606204597 0.09151682579155841 0.6936786369559479 -0.2475630916135309
-0.19410330898356937 -0.05217032379889755 0.047705845479469586 -0.008822134480344754 0.03873747631905122 0.06488005606204597 0.26889905630117544 -0.05176049306484089 0.23079358166314687 -0.26744963810181205
0.07186005715417478 0.029834406569195268 -0.005316153331611423 -0.0204279649240714 -0.011242020756985653 0.09151682579155841 -0.05176049306484089 0.21523349736282638 0.12124819624819626 0.13771645021645024
-0.5569964349376114 0.1863067957431772 -0.11902538347702038 0.034260947996101854 -0.11241691615561672 0.6936786369559479 0.23079358166314687 0.12124819624819626 4.352777777777778 -1.0207792207792208
1.5970811051693405 -0.03226787883181756 -0.2432348345990964 -0.14951869351314484 -0.43264021361594934 -0.2475630916135309 -0.26744963810181205 0.13771645021645024 -1.0207792207792208 3.082662384513034
