0.04083016221127471 0.02371424095221339 -0.09176652507915477 -0.005250139268828729 0.0028831547380849766 0.023065467186200214 -0.019326104925233064 -0.03605152581523665 -0.012298492586342542 -0.019839886455054852
0.02371424095221339 0.02359370442081178 -0.05383782377889636 -0.0018421604136123091 -0.002146596349749798 0.012242519930462638 -0.0181912372509956 -0.019545402015815325 -0.007220353364117502 -0.006782320334027519
-0.09176652507915477 -0.05383782377889636 0.5701740364616822 -0.08703191752698511 0.02560956499226441 -0.1454270141549334 0.044302809994326155 0.2380373221549692 0.10661424853211264 -0.037396578762154645
-0.005250139268828729 -0.0018421604136123091 -0.08703191752698511 0.04569690882969591 -0.018039717849561026 0.03391298103941963 -0.0046413860408961675 -0.04371799339593457 -0.02216219995423585 0.019707214465938493
0.0028831547380849766 -0.002146596349749798 0.02560956499226441 -0.018039717849561026 0.017398582529706483 -0.016502391482662214 0.01071863505897232 -0.014725009623291754 0.012226009973092266 -0.014953901819369725
0.023065467186200214 0.012242519930462638 -0.1454270141549334 0.03391298103941963 -0.016502391482662214 0.053440169707462216 -0.018452839157989377 -0.06492221831256911 -0.03126215003283569 0.008544941177241317
-0.019326104925233064 -0.0181912372509956 0.044302809994326155 -0.0046413860408961675 0.01071863505897232 -0.018452839157989377 0.03190529818781683 -0.018776892742296086 0.007767230775028286 0.004027972656788574
-0.03605152581523665 -0.019545402015815325 0.2380373221549692 -0.04371799339593457 -0.014725009623291754 -0.06492221831256911 -0.018776892742296086 0.2648666241118592 0.03352782540211948 0.00866027449141907
-0.012298492586342542 -0.007220353364117502 0.10661424853211264 -0.02216219995423585 0.012226009973092266 -0.03126215003283569 0.007767230775028286 0.03352782540211948 0.024675850427415654 -0.015494565444983987
-0.019839886455054852 -0.006782320334027519 -0.037396578762154645 0.019707214465938493 -0.014953901819369725 0.008544941177241317 0.004027972656788574 0.00866027449141907 -0.015494565444983987 0.03834372115021601
