0.42715335169880625 0.18638659320477505 0.09787971946074712 0.1067804070185884 -0.042865244522170665 0.0003505744856258826 0.07970539103134572 -0.9537878787878789 nan 0.7424242424242424
0.18638659320477505 2.507231404958678 1.040017814128486 0.5880442172075347 -0.07898128104260155 -0.2592496364971958 0.039973639203068595 -2.97790404040404 nan 4.03030303030303
0.09787971946074712 1.040017814128486 0.5211909688657452 0.23771748780112428 -0.04350292531795134 -0.10501497359725338 0.07388705883224608 -1.353606457954284 nan 1.8145492188970447
0.1067804070185884 0.5880442172075347 0.23771748780112428 0.17613629256844635 -0.024829832872666643 -0.06011594966168331 -0.04720724395597847 -0.5082145465629252 nan 1.0609571212054791
-0.042865244522170665 -0.07898128104260155 -0.04350292531795134 -0.024829832872666643 0.009792693281580294 0.0041269500642437664 -0.01855630750763025 0.21950319388579154 nan -0.2176101040107265
0.0003505744856258826 -0.2592496364971958 -0.10501497359725338 -0.06011594966168331 0.0041269500642437664 0.0302724098118545 0.00920058999057329 0.16481596886567063 nan -0.38507373733722106
0.07970539103134572 0.039973639203068595 0.07388705883224608 -0.04720724395597847 -0.01855630750763025 0.00920058999057329 0.2438467174991567 -1.2517515657706593 nan 0.2670900221081013
-0.9537878787878789 -2.97790404040404 -1.353606457954284 -0.5082145465629252 0.21950319388579154 0.16481596886567063 -1.2517515657706593 15.48611111111111 nan -5.666666666666667
nan nan nan nan nan nan nan nan nan nan
0.7424242424242424 4.03030303030303 1.8145492188970447 1.0609571212054791 -0.2176101040107265 -0.38507373733722106 0.2670900221081013 -5.666666666666667 nan 8.0
