nan nan nan nan nan nan nan nan nan nan
nan nan nan nan nan nan nan nan nan nan
nan nan nan nan nan nan nan nan nan nan
nan nan nan 4.90388888888889 5.565227272727272 3.711017740429505 0.5159980835226774 -0.5098488571737314 -0.1731129317313278 -0.8517148334008798
nan nan nan 5.565227272727272 6.748946280991736 4.347307104660046 0.6098708663739549 -0.5676836464490022 -0.24586989781669424 -0.9869677157467857
nan nan nan 3.711017740429505 4.347307104660046 2.9271321862078166 0.43508166190971986 -0.4057879280294072 -0.13854942276592264 -0.654828022081784
nan nan nan 0.5159980835226774 0.6098708663739549 0.43508166190971986 0.1710862410771586 -0.07570289281565286 -0.03247983946876945 -0.08051606507378625
nan nan nan -0.5098488571737314 -0.5676836464490022 -0.4057879280294072 -0.07570289281565286 0.07434205938852298 0.014981162662413361 0.08583826662598694
nan nan nan -0.1731129317313278 -0.24586989781669424 -0.13854942276592264 -0.03247983946876945 0.014981162662413361 0.01761871932975748 0.02424387208119798
nan nan nan -0.8517148334008798 -0.9869677157467857 -0.654828022081784 -0.08051606507378625 0.08583826662598694 0.02424387208119798 0.170525951566123
