0.033127761131708997 0.023438507227098702 -0.042316357983486805 -0.0030130917533073027 0.035832302889231955 -0.06169783237754768 -0.0018097682265683854 -0.1277315729632464 -0.058169513529785735 0.0634186047805418
0.023438507227098702 0.07850506253498095 -0.08877871562212569 0.04174835767995029 0.007406780194797099 -0.0788980809054595 -0.07105026305275566 -0.27913806174366657 -0.11297560658298089 0.1378660004403818
-0.042316357983486805 -0.08877871562212569 0.1426956597912293 -0.04936393962471229 -0.021761714889045033 0.11672345192269071 0.09517519436005037 0.3640457952841677 0.09286850839355887 -0.07233496851735852
-0.0030130917533073027 0.04174835767995029 -0.04936393962471229 0.12287164521466566 0.0049929314212114 -0.08748104370235256 -0.06667464079695475 -0.20315333122871745 -0.034164769044247166 0.10194996127105818
0.035832302889231955 0.007406780194797099 -0.021761714889045033 0.0049929314212114 0.08595857021049 -0.06135040111936223 -0.02203563323576111 -0.17261374589935538 -0.10027064119455426 0.18275197628458498
-0.06169783237754768 -0.0788980809054595 0.11672345192269071 -0.08748104370235256 -0.06135040111936223 0.22283163233337425 0.02373385235454201 0.36955929298194695 0.08739293911707706 0.08945243772829978
-0.0018097682265683854 -0.07105026305275566 0.09517519436005037 -0.06667464079695475 -0.02203563323576111 0.02373385235454201 0.17092130493040864 0.33822751601400974 0.1718546355074682 -0.24754062362758017
-0.1277315729632464 -0.27913806174366657 0.3640457952841677 -0.20315333122871745 -0.17261374589935538 0.36955929298194695 0.33822751601400974 1.3080852354480588 0.5031962628311513 -0.8336472520042498
-0.058169513529785735 -0.11297560658298089 0.09286850839355887 -0.034164769044247166 -0.10027064119455426 0.08739293911707706 0.1718546355074682 0.5031962628311513 0.8258727585195389 -1.083017676767677
0.0634186047805418 0.1378660004403818 -0.07233496851735852 0.10194996127105818 0.18275197628458498 0.08945243772829978 -0.24754062362758017 -0.8336472520042498 -1.083017676767677 4.5
