0.1428514891144168 0.03569343203683151 0.05327317322895995 0.029495927132364062 0.006970458715328895 0.05694244926550623 -0.06872708549346576 -0.24180876051198305 -0.37461279464762776 -0.5509175613716595
0.03569343203683151 0.05949381521335864 0.015013417944274085 0.01690315197436559 -0.017666890902128227 -0.009590327508430804 -0.02658302550025572 -0.14574874952243186 -0.2158473678428095 -0.30753150772047533
0.05327317322895995 0.015013417944274085 0.028794046134669248 0.0178355165374431 0.0038225660737183946 0.047344912328362104 -0.07488263341506571 -0.08646383886458633 -0.17560207525908422 -0.24185109839125463
0.029495927132364062 0.01690315197436559 0.0178355165374431 0.06816776472824122 -0.029171919788407764 0.04418488236717255 0.00727080735184691 -0.07944771515137876 -0.22375606492181555 -0.2362381209594618
0.006970458715328895 -0.017666890902128227 0.0038225660737183946 -0.029171919788407764 0.06346175597957285 -0.0023738512529102663 -0.045188430407818725 0.021451030172834687 0.10162764672968758 0.05532316790383559
0.05694244926550623 -0.009590327508430804 0.047344912328362104 0.04418488236717255 -0.0023738512529102663 0.18948453848371286 -0.20269235647584324 -0.05402508936343521 -0.1538443054065855 -0.2784633665153847
-0.06872708549346576 -0.02658302550025572 -0.07488263341506571 0.00727080735184691 -0.045188430407818725 -0.20269235647584324 0.43628625959110945 0.012427504742454534 0.24505433779904148 0.4400968346530528
-0.24180876051198305 -0.14574874952243186 -0.08646383886458633 -0.07944771515137876 0.021451030172834687 -0.05402508936343521 0.012427504742454534 0.8058375300720473 0.7707168562431721 1.165695270224306
-0.37461279464762776 -0.2158473678428095 -0.17560207525908422 -0.22375606492181555 0.10162764672968758 -0.1538443054065855 0.24505433779904148 0.7707168562431721 1.7622165905590812 2.0795042627619433
-0.5509175613716595 -0.30753150772047533 -0.24185109839125463 -0.2362381209594618 0.05532316790383559 -0.2784633665153847 0.4400968346530528 1.165695270224306 2.0795042627619433 2.9193274358071006
