nan nan nan nan nan nan nan nan nan nan
nan nan nan nan nan nan nan nan nan nan
nan nan 4.796944444444445 0.30167182169470497 -0.14336538503823398 0.08778932560935523 -0.028161906738188816 -0.1873372227948926 -0.06162811451417149 -0.4340367965367966
nan nan 0.30167182169470497 0.2558590948576009 -0.06123693195058033 0.02989697736958754 0.04531907664910604 -0.0814166506316657 -0.09230886200794286 -0.09127537010832207
nan nan -0.14336538503823398 -0.06123693195058033 0.0918332005586506 0.02766892982751471 -0.03633164964532408 -0.05597763883398032 -0.06460947825554983 -0.4548521709878235
nan nan 0.08778932560935523 0.02989697736958754 0.02766892982751471 0.026711411590597305 -0.017602999456328657 -0.038534047597818644 -0.05781666489811625 -0.2535193503390247
nan nan -0.028161906738188816 0.04531907664910604 -0.03633164964532408 -0.017602999456328657 0.04091940555117052 0.005594116164869158 0.004150602286560603 0.16031353156433947
nan nan -0.1873372227948926 -0.0814166506316657 -0.05597763883398032 -0.038534047597818644 0.005594116164869158 0.12299033706208032 0.0888877014528697 0.49809109584989253
nan nan -0.06162811451417149 -0.09230886200794286 -0.06460947825554983 -0.05781666489811625 0.004150602286560603 0.0888877014528697 0.22161615772070378 0.6387313971138994
nan nan -0.4340367965367966 -0.09127537010832207 -0.4548521709878235 -0.2535193503390247 0.16031353156433947 0.49809109584989253 0.6387313971138994 3.212835346872143
