0.27975982425611995 0.008023277980712035 0.009176709943003377 -0.03175680988590868 0.04944293369100228 0.034615513507945 -0.23764896226643295 nan nan nan
0.008023277980712035 0.00836573589707259 -0.004388287854149593 -0.002111994388989144 -9.618846393669753e-05 -0.004708753229125233 0.0031596743780633336 nan nan nan
0.009176709943003377 -0.004388287854149593 0.004846472292789872 -0.0034950533830921467 0.004527009871091028 0.012478722181496423 0.0005014585758974142 nan nan nan
-0.03175680988590868 -0.002111994388989144 -0.0034950533830921467 0.013471061374702813 -0.010661326549557384 -0.0261363517275565 -0.007852856363494662 nan nan nan
0.04944293369100228 -9.618846393669753e-05 0.004527009871091028 -0.010661326549557384 0.015873180252231917 0.011946964830916977 -0.01895612648806229 nan nan nan
0.034615513507945 -0.004708753229125233 0.012478722181496423 -0.0261363517275565 0.011946964830916977 0.17140573542588194 -0.03907814407814407 nan nan nan
-0.23764896226643295 0.0031596743780633336 0.0005014585758974142 -0.007852856363494662 -0.01895612648806229 -0.03907814407814407 0.4442290249433107 nan nan nan
nan nan nan nan nan nan nan nan nan nan
nan nan nan nan nan nan nan nan nan nan
nan nan nan nan nan nan nan nan nan nan
