0.07950471665037376 -0.050647693876692705 -0.003023126516581552 -0.03840557518241691 0.03861247472458581 0.014229386656974156 -0.04576235900475177 0.01738130522612122 -0.13881859507827554 0.24240811570381637
-0.050647693876692705 0.09605620459570371 0.025610301543391837 -0.0161565095254987 -0.0608613898825135 -0.0033635929208822657 0.08773820447287876 -0.03850655589265292 -0.04737216973535946 0.011712265994966442
-0.003023126516581552 0.025610301543391837 0.183027057280386 -0.1156720346848761 0.008321259215184318 -0.028067460849231698 0.10057398962042872 -0.0489856498065042 -0.2514897694102383 -0.2766855649964848
-0.03840557518241691 -0.0161565095254987 -0.1156720346848761 0.14778174303084454 -0.05668462141720972 0.013478562940900494 -0.1219992785564987 0.011106750605430371 0.3246241032502953 0.08732332078799482
0.03861247472458581 -0.0608613898825135 0.008321259215184318 -0.05668462141720972 0.10931105006500227 -0.022349692344116434 0.016229202800640698 0.0059575568627054515 -0.05046589962240308 -0.2190838618161885
0.014229386656974156 -0.0033635929208822657 -0.028067460849231698 0.013478562940900494 -0.022349692344116434 0.06291195809771113 -0.02683120670946041 -0.01762594075499828 -0.15276432475508073 0.35288729201350244
-0.04576235900475177 0.08773820447287876 0.10057398962042872 -0.1219992785564987 0.016229202800640698 -0.02683120670946041 0.3262053317211 -0.1594837407493379 -0.18880566181426445 -0.36480257053147086
0.01738130522612122 -0.03850655589265292 -0.0489856498065042 0.011106750605430371 0.0059575568627054515 -0.01762594075499828 -0.1594837407493379 0.4403412940095364 0.20389522863527618 -0.06148907374397572
-0.13881859507827554 -0.04737216973535946 -0.2514897694102383 0.3246241032502953 -0.05046589962240308 -0.15276432475508073 -0.18880566181426445 0.20389522863527618 1.3477466689155 -0.9155363155363154
0.24240811570381637 0.011712265994966442 -0.2766855649964848 0.08732332078799482 -0.2190838618161885 0.35288729201350244 -0.36480257053147086 -0.06148907374397572 -0.9155363155363154 3.3266666666666667
