nan nan nan nan nan nan nan nan nan nan nan nan
nan nan nan nan nan nan nan nan nan nan nan nan
nan nan 0.48822817476212776 0.27315062782139066 0.15180351998932906 0.09973747942301259 0.09250342853253812 0.10565170930371437 0.1147333193158886 0.09529853782832376 0.02289814461417805 -0.12691647219106272
nan nan 0.27315062782139066 0.18703763894498238 0.13814964931278695 0.11663362184574311 0.11263663817242531 0.11630554699429041 0.11778745052914275 0.1072291849917626 0.0747777892737993 0.01058047631071446
nan nan 0.15180351998932906 0.13814964931278695 0.13026429289994468 0.1263276834850089 0.1245200706318812 0.12302165196557979 0.12001268004029697 0.11367337978258973 0.1021839938259248 0.08372473692651994
nan nan 0.09973747942301259 0.11663362184574311 0.1263276834850089 0.13023676615221547 0.12977794246750562 0.12636829629285984 0.12142490860968991 0.11636491708028274 0.11260538262896347 0.11156329732802561
nan nan 0.09250342853253812 0.11263663817242531 0.1245200706318812 0.12977794246750562 0.13003443307047036 0.12691372714811422 0.12204002678253545 0.11703758085268845 0.11353053523841794 0.11314301548799932
nan nan 0.10565170930371437 0.11630554699429041 0.12302165196557979 0.12636829629285984 0.12691372714811422 0.12522617069026154 0.12187390605850368 0.1174252149886641 0.11244829579880644 0.10751139303699375
nan nan 0.1147333193158886 0.11778745052914275 0.12001268004029697 0.12142490860968991 0.12204002678253545 0.12187390605850368 0.12094245916232893 0.1192615827723742 0.11684713323104035 0.11371502626440844
nan nan 0.09529853782832376 0.1072291849917626 0.11367337978258973 0.11636491708028274 0.11703758085268845 0.1174252149886641 0.1192615827723742 0.12428049823176579 0.13421577929890205 0.15080119158248095
nan nan 0.02289814461417805 0.0747777892737993 0.1021839938259248 0.11260538262896347 0.11353053523841794 0.11244829579880644 0.11684713323104035 0.13421577929890205 0.17204299272831847 0.23781717189982743
nan nan -0.12691647219106272 0.01058047631071446 0.08372473692651994 0.11156329732802561 0.11314301548799932 0.10751139303699375 0.11371502626440844 0.15080119158248095 0.23781717189982743 0.39380931399617936
