0.05158327802891094 0.03362662496115476 0.015669971893398582 -0.002286645313933633 -0.02024329838168981 -0.038199939495971336 -0.056156592563727514 -0.07411324563148369 -0.09206987479229056 -0.11002652786004674
0.03362662496115476 0.023687170861901308 0.013747716762647855 0.0038082825130310027 -0.00613117158622245 -0.01607061906893037 -0.026010073168183823 -0.035949527267437276 -0.04588896813359966 -0.055828422232853114
0.015669971893398582 0.013747716762647855 0.011825461631897127 0.009903210339995638 0.007980955209244911 0.006058701358110596 0.004136446227359869 0.0022141910966091416 0.00029193852509123985 -0.0016303166056594875
-0.002286645313933633 0.0038082825130310027 0.009903210339995638 0.015998125995054124 0.02209305382201876 0.028187977591681346 0.03428290541864598 0.04037783324561062 0.04647275295797115 0.05256768078493579
-0.02024329838168981 -0.00613117158622245 0.007980955209244911 0.02209305382201876 0.03620518061748612 0.05031729801872231 0.06442942481418967 0.07854155160965703 0.09265365961666205 0.10676578641212942
-0.038199939495971336 -0.01607061906893037 0.006058701358110596 0.028187977591681346 0.05031729801872231 0.07244660371460654 0.0945759241416475 0.11670524456868847 0.13883453553341596 0.16096385596045693
-0.056156592563727514 -0.026010073168183823 0.004136446227359869 0.03428290541864598 0.06442942481418967 0.0945759241416475 0.1247224435371912 0.1548689629327349 0.18501544219210686 0.21516196158765055
-0.07411324563148369 -0.035949527267437276 0.0022141910966091416 0.04037783324561062 0.07854155160965703 0.11670524456868847 0.1548689629327349 0.1930326812967813 0.23119634885079776 0.2693600672148442
-0.09206987479229056 -0.04588896813359966 0.00029193852509123985 0.04647275295797115 0.09265365961666205 0.13883453553341596 0.18501544219210686 0.23119634885079776 0.27737719402561467 0.32355810068430557
-0.11002652786004674 -0.055828422232853114 -0.0016303166056594875 0.05256768078493579 0.10676578641212942 0.16096385596045693 0.21516196158765055 0.2693600672148442 0.32355810068430557 0.3777562063114992
