0.004825368501482075 0.004701959507567466 0.004578550513652857 0.004455141051717959 0.00433173205780335 0.0042083230638887414 0.004084914069974133 0.003961505076059524 0.003838095614124626 0.0037146870882303062
0.004701959507567466 0.005566613115899344 0.006431266724231222 0.007295923611703614 0.008160577220035492 0.00902523082836737 0.009889884436699248 0.010754538045031126 0.011619194932503518 0.012483845261694881
0.004578550513652857 0.006431266724231222 0.008283982934809586 0.01013670617168927 0.011989422382267634 0.013842138592845998 0.015694854803424363 0.017547571014002727 0.01940029425088241 0.021253003435159457
0.004455141051717959 0.007295923611703614 0.01013670617168927 0.012977499505151258 0.015818282065136913 0.018659064625122568 0.021499847185108223 0.024340629745093878 0.027181423078555866 0.030022194865065188
0.00433173205780335 0.008160577220035492 0.011989422382267634 0.015818282065136913 0.019647127227369054 0.023475972389601196 0.027304817551833338 0.03113366271406548 0.03496252239693476 0.03879135303852976
0.0042083230638887414 0.00902523082836737 0.013842138592845998 0.018659064625122568 0.023475972389601196 0.028292880154079825 0.03310978791855845 0.03792669568303708 0.04274362171531365 0.04756051121199434
0.004084914069974133 0.009889884436699248 0.015694854803424363 0.021499847185108223 0.027304817551833338 0.03310978791855845 0.03891475828528357 0.04471972865200868 0.05052472103369254 0.056329669385458914
0.003961505076059524 0.010754538045031126 0.017547571014002727 0.024340629745093878 0.03113366271406548 0.03792669568303708 0.04471972865200868 0.051512761620980285 0.058305820352071436 0.06509882755892349
0.003838095614124626 0.011619194932503518 0.01940029425088241 0.027181423078555866 0.03496252239693476 0.04274362171531365 0.05052472103369254 0.058305820352071436 0.06608694917974489 0.07386801898882922
0.0037146870882303062 0.012483845261694881 0.021253003435159457 0.030022194865065188 0.03879135303852976 0.04756051121199434 0.056329669385458914 0.06509882755892349 0.07386801898882922 0.08263714390585264
