nan nan nan nan nan nan nan nan nan nan
nan 0.3788896963752606 0.05762526804569745 -0.004051977537528728 -0.00665937137351591 -0.04748564586229165 -0.12058995369214287 -0.11680177049286655 0.1762772565728774 1.074274613295458
nan 0.05762526804569745 0.0717325809483853 0.04342474196887025 0.01725125858862242 0.015896080051096106 0.040177473207638315 0.06904764602113644 0.05959357106040741 -0.052963753253798984
nan -0.004051977537528728 0.04342474196887025 0.05697376703898982 0.056748401261707215 0.05398572125013246 0.05100730114950025 0.04121794928503064 0.009107376126937794 -0.06975147618712185
nan -0.00665937137351591 0.01725125858862242 0.056748401261707215 0.08221816850184638 0.07941669152031139 0.049470919573327166 0.008877724777047291 -0.01049500089196087 0.03858990458790856
nan -0.04748564586229165 0.015896080051096106 0.05398572125013246 0.07941669152031139 0.0956049572315898 0.09674813105820945 0.06782660860878664 -0.015396847226607946 -0.1863781597212828
nan -0.12058995369214287 0.040177473207638315 0.05100730114950025 0.049470919573327166 0.09674813105820945 0.17762348018402818 0.20049023458363635 -0.0026519495235781676 -0.6761965030162607
nan -0.11680177049286655 0.06904764602113644 0.04121794928503064 0.008877724777047291 0.06782660860878664 0.20049023458363635 0.27592576193412555 0.04981781283019515 -0.8355182558757548
nan 0.1762772565728774 0.05959357106040741 0.009107376126937794 -0.01049500089196087 -0.015396847226607946 -0.0026519495235781676 0.04981781283019515 0.1832175268209575 0.4578869050327192
nan 1.074274613295458 -0.052963753253798984 -0.06975147618712185 0.03858990458790856 -0.1863781597212828 -0.6761965030162607 -0.8355182558757548 0.4578869050327192 4.853147097019118
