0.2125399399734178 0.14183739307304322 0.0835919303002548 0.03296804838059941 -0.014869746673880968 -0.0647569320306367 -0.12152905318148655 -0.19002155033822632 nan -0.38150982513701237
0.14183739307304322 0.11105836616296827 0.08308377433640501 0.05626044128560538 0.028935232368386465 -0.0005449992731918485 -0.03383342581869542 -0.0725831870487248 nan -0.17307935267684726
0.0835919303002548 0.08308377433640501 0.08055351656608778 0.07606111796196657 0.06966657562400869 0.06142986151676055 0.05141096066316564 0.03966983372075461 nan 0.011260870016176483
0.03296804838059941 0.05626044128560538 0.07606111796196657 0.09332368381966205 0.10900174757503223 0.12404889296753296 0.13941875055229858 0.15606488283281905 nan 0.19700047160877077
-0.014869746673880968 0.028935232368386465 0.06966657562400869 0.10900174757503223 0.14861816654154936 0.1901932360647436 0.2354044356360987 0.2859291430486728 nan 0.40962890977822397
-0.0647569320306367 -0.0005449992731918485 0.06142986151676055 0.12404889296753296 0.1901932360647436 0.26274403421403036 0.34458253128320493 0.438589842795853 nan 0.6746357226551893
-0.12152905318148655 -0.03383342581869542 0.05141096066316564 0.13941875055229858 0.2354044356360987 0.34458253128320493 0.4721676732136686 0.623374346119757 nan 1.0175106006530648
-0.19002155033822632 -0.0725831870487248 0.03966983372075461 0.15606488283281905 0.2859291430486728 0.438589842795853 0.623374346119757 0.8496098442783584 nan 1.4637430084953458
nan nan nan nan nan nan nan nan nan nan
-0.38150982513701237 -0.17307935267684726 0.011260870016176483 0.19700047160877077 0.40962890977822397 0.6746357226551893 1.0175106006530648 1.4637430084953458 nan 2.7682389180536795
