nan nan nan nan nan nan nan nan nan nan
nan nan nan nan nan nan nan nan nan nan
nan nan nan nan nan nan nan nan nan nan
nan nan nan 3.9006252460420088 3.2738935442031556 2.540552926087348 1.7549645142563053 1.0059388126051312 0.4167351279638938 0.1450621167922792
nan nan nan 3.2738935442031556 2.773157688139464 2.183556065218828 1.549305821363693 0.944082177877843 0.47101795356507115 0.26270400749527045
nan nan nan 2.540552926087348 2.183556065218828 1.7643576928919922 1.3134341885177756 0.8822014746819891 0.5430146908463032 0.38916849889978966
nan nan nan 1.7549645142563053 1.549305821363693 1.3134341885177756 1.062405470543582 0.8212754010431818 0.6250994430488435 0.5189329428109248
nan nan nan 1.0059388126051312 0.944082177877843 0.8822014746819891 0.8212754010431818 0.761636308012009 0.7029702102101938 0.6443168016048064
nan nan nan 0.4167351279638938 0.47101795356507115 0.5430146908463032 0.6250994430488435 0.7029702102101938 0.7556489833819926 0.75548167400125
nan nan nan 0.1450621167922792 0.26270400749527045 0.38916849889978966 0.5189329428109248 0.6443168016048064 0.75548167400125 0.8404312370656344
