0.1070055613128531 0.07608134854343973 0.05530415043741144 0.044065421881004596 0.04175673953290371 0.047769602152680335 0.06149552907400491 0.08232604342951433 0.10965266455287903 nan
0.07608134854343973 0.07658959117868491 0.07308717105010487 0.06780418372991903 0.0629706997494921 0.06081679309351884 0.06357258003205501 0.0734680888171475 0.09273343571885206 nan
0.05530415043741144 0.07308717105010487 0.08300993986005878 0.0863314854847772 0.08431075272211075 0.07820673928513244 0.06927844883371748 0.05878483628471898 0.04798490529801214 nan
0.044065421881004596 0.06780418372991903 0.0863314854847772 0.09826815032177905 0.10223491926322481 0.09685260381813876 0.08074196567953962 0.05252381643106574 0.010818917765735847 nan
0.04175673953290371 0.0629706997494921 0.08431075272211075 0.10223491926322481 0.11320117255257145 0.11366754193752016 0.10009197038757023 0.06893253702279267 0.01664718481268679 nan
0.047769602152680335 0.06081679309351884 0.07820673928513244 0.09685260381813876 0.11366754193752016 0.12556471884630938 0.1294572346338505 0.12225832769390266 0.10088109811580992 nan
0.06149552907400491 0.06357258003205501 0.06927844883371748 0.08074196567953962 0.10009197038757023 0.1294572346338505 0.17096658269679565 0.22674882347324754 0.29893278124162137 nan
0.08232604342951433 0.0734680888171475 0.05878483628471898 0.05252381643106574 0.06893253702279267 0.12225832769390266 0.22674882347324754 0.39665126275109586 0.6462132805562995 nan
0.10965266455287903 0.09273343571885206 0.04798490529801214 0.010818917765735847 0.01664718481268679 0.10088109811580992 0.29893278124162137 0.6462132805562995 1.1781347196263603 nan
nan nan nan nan nan nan nan nan nan nan
