0.9904402449081227 0.632393026822756 0.5836076631749805 0.5735021049942546 0.4541470452923413 0.20026694849007853 -0.09076030268424162 -0.19890429986319091 nan 1.626846228305073
0.632393026822756 0.6975519080078243 0.6619043809493839 0.5409083358044846 0.3671240058623404 0.19021387344150398 0.07694254565067737 0.11117706447100417 nan 1.0431456247901565
0.5836076631749805 0.6619043809493839 0.6713254942973039 0.5795866935467888 0.39413066735145463 0.16212750081958305 -0.02952571305645435 -0.054204888559429065 nan 1.1024950296352163
0.5735021049942546 0.5409083358044846 0.5795866935467888 0.5614394358882784 0.4298264170191146 0.1995660249002178 -0.043065361234912614 -0.14033391785705263 nan 1.0894466715050495
0.4541470452923413 0.3671240058623404 0.39413066735145463 0.4298264170191146 0.414209298807549 0.3326166557442001 0.21572485725281965 0.1395487896546932 nan 0.640099320970867
0.20026694849007853 0.19021387344150398 0.16212750081958305 0.1995660249002178 0.3326166557442001 0.5378949399742474 0.7385452046963188 0.8042408850943694 nan -0.25789771835453124
-0.09076030268424162 0.07694254565067737 -0.02952571305645435 -0.043065361234912614 0.21572485725281965 0.7385452046963188 1.3293962896670415 1.6045807160928653 nan -1.2653465294809045
-0.19890429986319091 0.11117706447100417 -0.054204888559429065 -0.14033391785705263 0.1395487896546932 0.8042408850943694 1.6045807160928653 2.0234499209623173 nan -1.6915033976761045
nan nan nan nan nan nan nan nan nan nan
1.626846228305073 1.0431456247901565 1.1024950296352163 1.0894466715050495 0.640099320970867 -0.25789771835453124 -1.2653465294809045 -1.6915033976761045 nan 3.72078638138957
