0.21095814046802275 0.1459281328978932 0.07727197752886639 0.0049896791303041255 -0.07091865416471421 -0.15045320247471494 -0.23361381038986906 -0.3204005939694312 -0.41081349371051346 -0.5048524574082123
0.1459281328978932 0.11703767497262163 0.07835777399976962 0.029888469204450985 -0.02837019737748392 -0.09641831880099971 -0.17425581083412567 -0.2618827464311977 -0.35929908323799253 -0.46650477971993354
0.07727197752886639 0.07835777399976962 0.06687681669859558 0.04282916246140189 0.006214799433720941 -0.04296628869046515 -0.10471408165484775 -0.17902860989912028 -0.2659098500704218 -0.3653577748831651
0.0049896791303041255 0.029888469204450985 0.04282916246140189 0.04381181650354904 0.03283637779287574 0.009902896457781196 -0.02498866401894162 -0.07183829215260573 -0.13064598544440997 -0.20141173443638394
-0.07091865416471421 -0.02837019737748392 0.006214799433720941 0.03283637779287574 0.05149445468543945 0.062189136359450004 0.06492033672647324 0.05968810860523632 0.046492431787854116 0.02533329432599629
-0.15045320247471494 -0.09641831880099971 -0.04296628869046515 0.009902896457781196 0.062189136359450004 0.11389258306774153 0.16501310812507697 0.21555080509400426 0.26550562920725085 0.3148775435315052
-0.23361381038986906 -0.17425581083412567 -0.10471408165484775 -0.02498866401894162 0.06492033672647324 0.16501310812507697 0.27528948655242047 0.39574960572451445 0.526393394462044 0.6672207872681
-0.3204005939694312 -0.2618827464311977 -0.17902860989912028 -0.07183829215260573 0.05968810860523632 0.21555080509400426 0.39574960572451445 0.600284683776021 0.829155939804437 1.0823632761705966
-0.41081349371051346 -0.35929908323799253 -0.2659098500704218 -0.13064598544440997 0.046492431787854116 0.26550562920725085 0.526393394462044 0.829155939804437 1.173793135672966 1.5603048487074709
-0.5048524574082123 -0.46650477971993354 -0.3653577748831651 -0.20141173443638394 0.02533329432599629 0.3148775435315052 0.6672207872681 1.0823632761705966 1.5603048487074709 2.1010453322189875
