0.5090299713400839 0.3029104474793627 0.11531134462138226 -0.05904740765561914 -0.22544611761753686 nan -0.5554830910865505 -0.7296819135097508 -0.9170409232861942 nan
0.3029104474793627 0.28317902867719624 0.2074646834140168 0.09177376482639232 -0.04788757467320437 nan -0.33509595118694335 -0.4506306312920785 -0.5261105295603201 nan
0.11531134462138226 0.2074646834140168 0.2559173979292275 0.2731605636283625 0.2716852659036917 nan 0.26254336808031553 0.279858919745017 0.3284201678569616 nan
-0.05904740765561914 0.09177376482639232 0.2731605636283625 0.4763750288941502 0.6926795452854115 nan 1.1296063696413121 1.3327533099112188 1.5140386230598182 nan
-0.22544611761753686 -0.04788757467320437 0.2716852659036917 0.6926795452854115 1.1745031580783518 nan 2.158266152264698 2.579021039645763 2.8982344304768723 nan
nan nan nan nan nan nan nan nan nan nan
-0.5554830910865505 -0.33509595118694335 0.26254336808031553 1.1296063696413121 2.158266152264698 nan 4.269060736833982 5.135541150775076 5.732305896997424 nan
-0.7296819135097508 -0.4506306312920785 0.279858919745017 1.3327533099112188 2.579021039645763 nan 5.135541150775076 6.187729828759675 6.917159968439936 nan
-0.9170409232861942 -0.5261105295603201 0.3284201678569616 1.5140386230598182 2.8982344304768723 nan 5.732305896997424 6.917159968439936 7.7705431145175545 nan
nan nan nan nan nan nan nan nan nan nan
