0.24297521743255146 0.24712064588718619 0.2337452755024927 0.20359500718974033 0.15741582629755158 0.09595358046812663 0.019954311850881368 nan nan nan
0.24712064588718619 0.26825452586592036 0.2596134564622403 0.22177526906128975 0.15531786058459573 0.06081897118393442 -0.06114336469968863 nan nan nan
0.2337452755024927 0.2596134564622403 0.2565143339379077 0.22456354896738873 0.16387678193056132 0.07456958492196009 -0.04324221687408425 nan nan nan
0.20359500718974033 0.22177526906128975 0.22456354896738873 0.21146073635414808 0.18196772746421885 0.1355853644739895 0.07181462532515326 nan nan nan
0.15741582629755158 0.15531786058459573 0.16387678193056132 0.18196772746421885 0.20846580315722463 0.24224617905519352 0.28218391237629703 nan nan nan
0.09595358046812663 0.06081897118393442 0.07456958492196009 0.1355853644739895 0.24224617905519352 0.392932122203149 0.586022819623004 nan nan nan
0.019954311850881368 -0.06114336469968863 -0.04324221687408425 0.07181462532515326 0.28218391237629703 0.586022819623004 0.9814875980167521 nan nan nan
nan nan nan nan nan nan nan nan nan nan
nan nan nan nan nan nan nan nan nan nan
nan nan nan nan nan nan nan nan nan nan
