0.2399737298853708 0.06735405455345855 0.018354809579417264 0.02640730616561271 0.049071443335691356 0.06803494918176511 0.08911506653852186 0.14225555903963993 0.28152963800175 nan
0.06735405455345855 0.20436806720412193 0.18196824093051944 0.10052683386972561 0.028447912753389204 0.0021680582536482973 0.02615440018699644 0.07290829256607267 0.08296171793046625 nan
0.018354809579417264 0.18196824093051944 0.1763745173555762 0.10398385191840376 0.034079966769557046 0.002820855083076168 0.01323671074633026 0.03523378404275235 0.005590597567131539 nan
0.02640730616561271 0.10052683386972561 0.10398385191840376 0.07772579090069343 0.04921905113740266 0.03244930115247868 0.02792062882723556 0.022657134079242525 -0.009798637909497643 nan
0.049071443335691356 0.028447912753389204 0.034079966769557046 0.04921905113740266 0.061745315761733366 0.06416749990267334 0.05362319707849039 0.0318783681573791 0.005327835108204226 nan
0.06803494918176511 0.0021680582536482973 0.002820855083076168 0.03244930115247868 0.06416749990267334 0.08174747193251264 0.07961977450142399 0.06287232786373309 0.047251616086093406 nan
0.08911506653852186 0.02615440018699644 0.01323671074633026 0.02792062882723556 0.05362319707849039 0.07961977450142399 0.1010443832853376 0.11888903289208486 0.14000444376360832 nan
0.14225555903963993 0.07290829256607267 0.03523378404275235 0.022657134079242525 0.0318783681573791 0.06287232786373309 0.11888903289208486 0.2064530615018043 0.3353641479978222 nan
0.28152963800175 0.08296171793046625 0.005590597567131539 -0.009798637909497643 0.005327835108204226 0.047251616086093406 0.14000444376360832 0.3353641479978222 0.7128583728954965 nan
nan nan nan nan nan nan nan nan nan nan
