0.29596100392496894 0.12051866777936127 -0.00630916687615013 -0.08452255459103952 -0.11412152632834704 -0.09510602549698177 -0.02747611136874184 0.08876834795065491 0.253627405926629 0.46710043776678845
0.12051866777936127 0.05518740276356837 0.0071188736780669615 -0.02368693845784975 -0.03723004479682146 -0.033510428132217385 -0.0125281081224351 0.025716967198384566 0.08122480615336514 0.15399519551556295
-0.00630916687615013 0.0071188736780669615 0.015840715965815377 0.019856364781794866 0.019165823860497255 0.013769085405790804 0.0036661530441577383 -0.011142975653420706 -0.03065832097554022 -0.05487981234847794
-0.08452255459103952 -0.02368693845784975 0.019856364781794866 0.046107371904660965 0.055066096609103 0.04673252047789589 0.02110665409392709 -0.02181153383320833 -0.08202207567326525 -0.15952474481646384
-0.11412152632834704 -0.03723004479682146 0.019165823860497255 0.055066096609103 0.0704707921879546 0.06537989594040283 0.03979340907724804 -0.006288703019798447 -0.07286646827110133 -0.15993963179538717
-0.09510602549698177 -0.033510428132217385 0.013769085405790804 0.04673252047789589 0.06537989594040283 0.06971121527895008 0.059726454003694585 0.0354255997020303 -0.003191354566439486 -0.056124253413722514
-0.02747611136874184 -0.0125281081224351 0.0036661530441577383 0.02110665409392709 0.03979340907724804 0.059726454003694585 0.08090572235435545 0.10333124945574212 0.12700306587798593 0.1519210997513003
0.08876834795065491 0.025716967198384566 -0.011142975653420706 -0.02181153383320833 -0.006288703019798447 0.0354255997020303 0.10333124945574212 0.19742835484056087 0.31771700046771656 0.46419675944476424
0.253627405926629 0.08122480615336514 -0.03065832097554022 -0.08202207567326525 -0.07286646827110133 -0.003191354566439486 0.12700306587798593 0.31771700046771656 0.56895060438573 0.8807029679517813
0.46710043776678845 0.15399519551556295 -0.05487981234847794 -0.15952474481646384 -0.15993963179538717 -0.056124253413722514 0.1519210997513003 0.46419675944476424 0.8807029679517813 1.4014382050410001
