0.03534091050998711 0.02885830466728123 0.022375698824575352 0.015893092981869472 0.009410495335345104 0.0029278976888207353 -0.0035547081538851444 -0.010037313996591024 -0.016519911643115393 -0.023002525682002783
0.02885830466728123 0.024598170861736435 0.020338037056191638 0.01607790325064684 0.011817774831335726 0.00755764641202461 0.0032975126064798133 -0.0009626211990649836 -0.005222749618376099 -0.009482888810154577
0.022375698824575352 0.020338037056191638 0.018300375287807924 0.01626271351942421 0.014225054327326347 0.012187395135228485 0.010149733366844771 0.008112071598461057 0.006074412406363194 0.004036748061693629
0.015893092981869472 0.01607790325064684 0.01626271351942421 0.01644752378820158 0.01663233382331697 0.01681714385843236 0.01700195412720973 0.017186764395987097 0.017371574431102488 0.017556384933541835
0.009410495335345104 0.011817774831335726 0.014225054327326347 0.01663233382331697 0.019039610275701335 0.0214468867280857 0.023854166224076323 0.026261445720066945 0.02866872217245131 0.03107600471204819
0.0029278976888207353 0.00755764641202461 0.012187395135228485 0.01681714385843236 0.0214468867280857 0.026076629597739043 0.030706378320942918 0.03533612704414679 0.039965869913800134 0.04459562449055454
-0.0035547081538851444 0.0032975126064798133 0.010149733366844771 0.01700195412720973 0.023854166224076323 0.030706378320942918 0.037558599081307875 0.04441081984167283 0.05126303193853943 0.05811526136240275
-0.010037313996591024 -0.0009626211990649836 0.008112071598461057 0.017186764395987097 0.026261445720066945 0.03533612704414679 0.04441081984167283 0.05348551263919887 0.06256019396327872 0.07163489823425095
-0.016519911643115393 -0.005222749618376099 0.006074412406363194 0.017371574431102488 0.02866872217245131 0.039965869913800134 0.05126303193853943 0.06256019396327872 0.07385734170462754 0.08515451801275731
-0.023002525682002783 -0.009482888810154577 0.004036748061693629 0.017556384933541835 0.03107600471204819 0.04459562449055454 0.05811526136240275 0.07163489823425095 0.08515451801275731 0.09867417197794737
